100
397 40
246 78
2 5
500 44
451 5
2 50
728 33
807 16
551 71
824 54
2 99
793 69
865 23
642 34
684 94
885 57
555 27
277 79
540 8
959 86
875 93
2 2
440 28
177 61
143 26
355 11
452 71
912 68
109 76
413 35
865 5
13 37
1000 4
906 56
2 3
758 96
424 35
1000 97
911 80
808 71
270 26
1000 2
633 94
439 40
2 95
1000 95
289 65
1000 99
801 16
289 48
124 68
970 99
918 38
30 46
443 91
319 10
3 10
1000 1
838 46
1000 3
537 11
583 72
924 39
2 96
398 61
582 60
169 55
81 39
712 1
432 88
1000 98
1000 96
915 30
507 14
508 54
758 85
950 95
1000 5
930 46
2 4
755 11
894 97
387 98
2 1
2 36
772 5
226 22
494 92
635 54
169 3
2 98
67 45
659 89
173 90
853 50
958 86
285 29
871 75
2 97
295 30
